{
 "cells": [
  {
   "cell_type": "code",
   "execution_count": 1,
   "id": "47be9719-18c6-467d-8117-abdbc9126930",
   "metadata": {},
   "outputs": [],
   "source": [
    "from scipy.io import loadmat\n",
    "import numpy as np"
   ]
  },
  {
   "cell_type": "code",
   "execution_count": 2,
   "id": "2f4e3ee7-1849-4f3a-b5ae-13063a9303d9",
   "metadata": {},
   "outputs": [],
   "source": [
    "Graphs303_Similarity = loadmat('../graph_learning/graph_data/303_graph_SimWindowWeighted.mat')\n",
    "Graphs303_Sparsity = loadmat('../graph_learning/graph_data/303_graph_SparWindowWeighted.mat')\n",
    "Graphs303_Pearson = loadmat('../graph_learning/graph_data/303_graph_PearWindowWeighted.mat')\n",
    "Graphs303_Smoothness = loadmat('../graph_learning/graph_data/303_graph_SmoothWindowWeighted.mat')\n",
    "\n",
    "Graphs375_Similarity = loadmat('../graph_learning/graph_data/375_graph_SimWindowWeighted.mat')\n",
    "Graphs375_Sparsity = loadmat('../graph_learning/graph_data/375_graph_SparWindowWeighted.mat')\n",
    "Graphs375_Pearson = loadmat('../graph_learning/graph_data/375_graph_PearWindowWeighted.mat')\n",
    "Graphs375_Smoothness = loadmat('../graph_learning/graph_data/375_graph_SmoothWindowWeighted.mat')\n",
    "\n",
    "Graphs378_Similarity = loadmat('../graph_learning/graph_data/378_graph_SimWindowWeighted.mat')\n",
    "Graphs378_Sparsity = loadmat('../graph_learning/graph_data/378_graph_SparWindowWeighted.mat')\n",
    "Graphs378_Pearson = loadmat('../graph_learning/graph_data/378_graph_PearWindowWeighted.mat')\n",
    "Graphs378_Smoothness = loadmat('../graph_learning/graph_data/378_graph_SmoothWindowWeighted.mat')\n",
    "\n",
    "Graphs797_Similarity = loadmat('../graph_learning/graph_data/797_graph_SimWindowWeighted.mat')\n",
    "Graphs797_Sparsity = loadmat('../graph_learning/graph_data/797_graph_SparWindowWeighted.mat')\n",
    "Graphs797_Pearson = loadmat('../graph_learning/graph_data/797_graph_PearWindowWeighted.mat')\n",
    "Graphs797_Smoothness = loadmat('../graph_learning/graph_data/797_graph_SmoothWindowWeighted.mat')\n",
    "\n",
    "Graphs820_Similarity = loadmat('../graph_learning/graph_data/820_graph_SimWindowWeighted.mat')\n",
    "Graphs820_Sparsity = loadmat('../graph_learning/graph_data/820_graph_SparWindowWeighted.mat')\n",
    "Graphs820_Pearson = loadmat('../graph_learning/graph_data/820_graph_PearWindowWeighted.mat')\n",
    "Graphs820_Smoothness = loadmat('../graph_learning/graph_data/820_graph_SmoothWindowWeighted.mat')\n",
    "\n",
    "nodeLabels = loadmat('nodeLabels.mat')\n",
    "layouts = loadmat('../extract_data/nodeLayouts.mat')"
   ]
  },
  {
   "cell_type": "code",
   "execution_count": 3,
   "id": "6d32a7f4-3d0d-450c-96f7-37963b86885d",
   "metadata": {},
   "outputs": [],
   "source": [
    "Graphs303Sim = Graphs303_Similarity['Graphs_W']\n",
    "Graphs303Spar = Graphs303_Sparsity['Graphs_W']\n",
    "Graphs303Pear = Graphs303_Pearson['Graphs_W']\n",
    "Graphs303Smooth = Graphs303_Smoothness['Graphs_W']\n",
    "\n",
    "Graphs375Sim = Graphs375_Similarity['Graphs_W']\n",
    "Graphs375Spar = Graphs375_Sparsity['Graphs_W']\n",
    "Graphs375Pear = Graphs375_Pearson['Graphs_W']\n",
    "Graphs375Smooth = Graphs375_Smoothness['Graphs_W']\n",
    "\n",
    "Graphs378Sim = Graphs378_Similarity['Graphs_W']\n",
    "Graphs378Spar = Graphs378_Sparsity['Graphs_W']\n",
    "Graphs378Pear = Graphs378_Pearson['Graphs_W']\n",
    "Graphs378Smooth = Graphs378_Smoothness['Graphs_W']\n",
    "\n",
    "Graphs797Sim = Graphs797_Similarity['Graphs_W']\n",
    "Graphs797Spar = Graphs797_Sparsity['Graphs_W']\n",
    "Graphs797Pear = Graphs797_Pearson['Graphs_W']\n",
    "Graphs797Smooth = Graphs797_Smoothness['Graphs_W']\n",
    "\n",
    "Graphs820Sim = Graphs820_Similarity['Graphs_W']\n",
    "Graphs820Spar = Graphs820_Sparsity['Graphs_W']\n",
    "Graphs820Pear = Graphs820_Pearson['Graphs_W']\n",
    "Graphs820Smooth = Graphs820_Smoothness['Graphs_W']\n",
    "\n",
    "node = np.array([\"R9R\",\"R9L\",\"R10R\",\"R10L\",\"R11R\",\"R11L\",\"R45R\",\"R45L\",\"R44R\",\"R44L\",\"R22R\",\"R22L\",\"R24R\",\"R24L\",\"R46R\",\"R46L\",\"R47R\",\"R47L\",\"R13R\",\"R13L\",\"R32R\",\"R32L\",\"R38R\",\"R38L\",\"R40R\",\"R40L\"])\n",
    "layout = layouts['locs']"
   ]
  },
  {
   "cell_type": "code",
   "execution_count": 4,
   "id": "e494408f-10e5-4d12-8dd7-5a4949f6f172",
   "metadata": {},
   "outputs": [
    {
     "name": "stdout",
     "output_type": "stream",
     "text": [
      "[[0.00000000e+00 3.77720800e+01 3.70869044e+00 6.70894588e+00\n",
      "  1.18856267e+02 4.66897898e+01 5.32366891e+00 3.25172564e-01\n",
      "  9.24699626e+00 1.25087413e+00 3.51216630e+01 3.07925796e+01\n",
      "  1.55747532e-01 1.34093665e+00 7.46301028e-01 2.65499057e+00\n",
      "  1.93751526e+01 8.50221264e-02 1.73318595e+00 3.67206703e+00\n",
      "  6.48376088e+00 3.46995471e-01 6.12253403e-01 4.44560738e+00\n",
      "  9.02526147e+00 2.26391042e+01]\n",
      " [3.77720800e+01 0.00000000e+00 3.85389877e+00 6.18685432e+00\n",
      "  4.59736982e+01 2.66688310e+01 3.79610998e+00 9.29763696e-02\n",
      "  4.53654009e+00 1.79190092e+00 2.99917741e+01 1.32479150e+01\n",
      "  1.38873035e-01 3.65498742e-01 6.37781718e-01 1.71863039e+00\n",
      "  2.07192821e+01 7.81297740e-01 4.73379874e-01 2.05475394e+00\n",
      "  1.68544840e+00 2.93315040e-01 6.07156605e-01 1.85981436e+00\n",
      "  4.68620757e+00 1.73843307e+01]\n",
      " [3.70869044e+00 3.85389877e+00 0.00000000e+00 2.75548615e+00\n",
      "  4.27055614e+00 3.54176211e+00 1.35954626e+00 1.99379371e-01\n",
      "  5.17267260e-01 6.40928904e-01 5.90339010e+00 4.48504802e+00\n",
      "  4.04229263e-01 1.66728912e-01 1.26890940e+00 3.56422150e-01\n",
      "  1.20319880e+01 8.54523542e-02 7.34129121e-02 6.04749953e+00\n",
      "  8.39027353e+00 1.04517964e+01 1.84202558e-01 1.92068494e-01\n",
      "  2.90761196e+00 5.51730301e+00]\n",
      " [6.70894588e+00 6.18685432e+00 2.75548615e+00 0.00000000e+00\n",
      "  2.63916434e+01 1.85118143e+01 6.54701152e+00 7.41058827e-02\n",
      "  1.55781753e+00 1.41871423e-01 8.08817703e+00 3.54317975e+00\n",
      "  7.84402204e-02 2.30783612e-01 3.68314927e-01 5.24375502e-01\n",
      "  2.65679578e+00 5.75496997e-02 2.07879006e-01 6.60358439e-01\n",
      "  7.16472143e-01 4.22475879e-02 1.37554402e+00 6.67551945e-01\n",
      "  8.21577713e+00 5.96825592e+00]\n",
      " [1.18856267e+02 4.59736982e+01 4.27055614e+00 2.63916434e+01\n",
      "  0.00000000e+00 1.05649005e+02 8.69819712e+00 2.20589585e-01\n",
      "  1.53434101e+01 2.42954462e+00 2.96479038e+01 1.21442006e+01\n",
      "  1.39393836e-01 1.08403986e+00 4.15964333e-01 1.60649333e+00\n",
      "  2.22614844e+01 7.65109613e-02 1.63324379e+00 2.68468525e+00\n",
      "  2.03172738e+00 8.73003229e-02 1.70078526e+00 5.10205104e+00\n",
      "  9.77817796e+00 3.04239197e+01]\n",
      " [4.66897898e+01 2.66688310e+01 3.54176211e+00 1.85118143e+01\n",
      "  1.05649005e+02 0.00000000e+00 4.29279229e+00 2.48418767e-01\n",
      "  7.45965907e+00 9.43786490e-01 3.29946431e+01 1.51987677e+01\n",
      "  1.23860628e-01 4.07293826e-01 5.56742011e-01 9.66073435e-01\n",
      "  8.52372440e+00 6.75933046e-02 1.46218558e+00 1.39968001e+00\n",
      "  1.24232362e+00 2.74980228e-01 8.85250038e-01 2.49315519e+00\n",
      "  7.20416097e+00 1.60217080e+01]\n",
      " [5.32366891e+00 3.79610998e+00 1.35954626e+00 6.54701152e+00\n",
      "  8.69819712e+00 4.29279229e+00 0.00000000e+00 1.35567049e+00\n",
      "  9.76653910e+00 9.42954274e-01 4.44051652e+00 3.07391858e+00\n",
      "  2.44122375e-02 2.04638976e-01 9.96833556e-01 6.40394241e-01\n",
      "  4.08501563e+00 4.39979951e-01 1.28101934e+00 4.82170669e-01\n",
      "  2.62142056e-01 1.55878578e-01 2.71818947e+00 3.82774143e+00\n",
      "  1.73628197e+00 3.41119497e+00]\n",
      " [3.25172564e-01 9.29763696e-02 1.99379371e-01 7.41058827e-02\n",
      "  2.20589585e-01 2.48418767e-01 1.35567049e+00 0.00000000e+00\n",
      "  1.69089869e+00 8.28619584e-02 1.00299136e-01 8.88185177e-02\n",
      "  1.75823589e-02 1.67336730e-02 1.25238253e-03 2.25829293e-01\n",
      "  5.34148780e-02 7.17504515e-02 2.22261060e-02 3.53221279e-02\n",
      "  1.57271474e-02 4.68949118e-03 1.76780831e-01 2.25516294e-01\n",
      "  1.76255308e-01 1.13749064e-01]\n",
      " [9.24699626e+00 4.53654009e+00 5.17267260e-01 1.55781753e+00\n",
      "  1.53434101e+01 7.45965907e+00 9.76653910e+00 1.69089869e+00\n",
      "  0.00000000e+00 2.65986469e-01 2.98750796e+00 2.78600466e+00\n",
      "  2.28150802e-01 8.41406535e-01 7.56388734e-01 3.91065355e-01\n",
      "  4.66699463e+00 6.01719668e-02 2.22719886e+00 7.77486920e-01\n",
      "  9.53449897e-01 8.64330871e-02 4.82443626e-01 7.81074977e-01\n",
      "  3.20637367e+00 6.25197250e+00]\n",
      " [1.25087413e+00 1.79190092e+00 6.40928904e-01 1.41871423e-01\n",
      "  2.42954462e+00 9.43786490e-01 9.42954274e-01 8.28619584e-02\n",
      "  2.65986469e-01 0.00000000e+00 1.02414607e+00 5.08610635e-01\n",
      "  3.77029477e-03 5.12832856e-02 5.31936051e-01 1.03182031e+00\n",
      "  1.04175369e+00 4.68930576e-01 4.59408341e-02 2.90588920e-01\n",
      "  6.18075999e+00 6.33394863e-01 3.19748694e-02 3.15396203e-01\n",
      "  1.71791731e-01 6.57727773e-01]\n",
      " [3.51216630e+01 2.99917741e+01 5.90339010e+00 8.08817703e+00\n",
      "  2.96479038e+01 3.29946431e+01 4.44051652e+00 1.00299136e-01\n",
      "  2.98750796e+00 1.02414607e+00 0.00000000e+00 2.15384434e+01\n",
      "  5.68980253e-02 1.71321320e+00 1.26888186e+00 2.58132931e+00\n",
      "  2.59129317e+01 7.92542783e-02 2.40807074e-01 3.79493389e+00\n",
      "  2.49942392e+00 5.00347730e-01 3.55831097e-01 2.56655540e+00\n",
      "  8.66483353e+00 2.02271624e+01]\n",
      " [3.07925796e+01 1.32479150e+01 4.48504802e+00 3.54317975e+00\n",
      "  1.21442006e+01 1.51987677e+01 3.07391858e+00 8.88185177e-02\n",
      "  2.78600466e+00 5.08610635e-01 2.15384434e+01 0.00000000e+00\n",
      "  1.70026019e-01 1.99015413e+00 7.71548585e-01 1.55803847e+00\n",
      "  2.56583017e+01 8.75339976e-03 2.45614044e+00 3.44080065e+00\n",
      "  2.83462934e+00 5.49026647e-01 1.23385229e+00 1.77442890e+00\n",
      "  7.87678787e+00 8.95720154e+00]\n",
      " [1.55747532e-01 1.38873035e-01 4.04229263e-01 7.84402204e-02\n",
      "  1.39393836e-01 1.23860628e-01 2.44122375e-02 1.75823589e-02\n",
      "  2.28150802e-01 3.77029477e-03 5.68980253e-02 1.70026019e-01\n",
      "  0.00000000e+00 4.84863819e-02 4.09411860e-02 4.60627505e-02\n",
      "  6.79137217e-01 1.42173806e-03 1.64383758e-02 3.26350124e-02\n",
      "  1.03214182e-01 2.21245982e-02 1.91373926e-02 2.57792276e-03\n",
      "  1.51236403e-01 3.50805323e-01]\n",
      " [1.34093665e+00 3.65498742e-01 1.66728912e-01 2.30783612e-01\n",
      "  1.08403986e+00 4.07293826e-01 2.04638976e-01 1.67336730e-02\n",
      "  8.41406535e-01 5.12832856e-02 1.71321320e+00 1.99015413e+00\n",
      "  4.84863819e-02 0.00000000e+00 4.99538202e-02 7.15296130e-01\n",
      "  2.07445354e+00 7.19447916e-03 8.82712348e-02 4.33837632e-01\n",
      "  1.79802443e-01 4.29870529e-02 9.83687995e-02 7.73105301e-02\n",
      "  4.88699170e-01 2.59048866e-01]\n",
      " [7.46301028e-01 6.37781718e-01 1.26890940e+00 3.68314927e-01\n",
      "  4.15964333e-01 5.56742011e-01 9.96833556e-01 1.25238253e-03\n",
      "  7.56388734e-01 5.31936051e-01 1.26888186e+00 7.71548585e-01\n",
      "  4.09411860e-02 4.99538202e-02 0.00000000e+00 1.29247374e-01\n",
      "  2.49832292e+00 7.68131755e-03 4.44700444e-02 7.65508064e-01\n",
      "  9.19817079e-01 6.95490079e-01 1.59076545e-02 8.25232524e-03\n",
      "  9.50713516e-01 1.58445664e-01]\n",
      " [2.65499057e+00 1.71863039e+00 3.56422150e-01 5.24375502e-01\n",
      "  1.60649333e+00 9.66073435e-01 6.40394241e-01 2.25829293e-01\n",
      "  3.91065355e-01 1.03182031e+00 2.58132931e+00 1.55803847e+00\n",
      "  4.60627505e-02 7.15296130e-01 1.29247374e-01 0.00000000e+00\n",
      "  7.70796984e-01 4.07211441e-02 3.19384175e-02 1.99745815e+00\n",
      "  5.79877537e-01 4.02497950e-02 1.31502882e+00 1.03626242e+00\n",
      "  7.19462315e-01 3.09085440e-01]\n",
      " [1.93751526e+01 2.07192821e+01 1.20319880e+01 2.65679578e+00\n",
      "  2.22614844e+01 8.52372440e+00 4.08501563e+00 5.34148780e-02\n",
      "  4.66699463e+00 1.04175369e+00 2.59129317e+01 2.56583017e+01\n",
      "  6.79137217e-01 2.07445354e+00 2.49832292e+00 7.70796984e-01\n",
      "  0.00000000e+00 1.04366279e-01 1.83639607e-01 8.17996647e+00\n",
      "  9.43840298e+00 8.41295289e-01 3.89426791e-01 5.02070142e-01\n",
      "  3.62710141e+00 1.12745518e+01]\n",
      " [8.50221264e-02 7.81297740e-01 8.54523542e-02 5.75496997e-02\n",
      "  7.65109613e-02 6.75933046e-02 4.39979951e-01 7.17504515e-02\n",
      "  6.01719668e-02 4.68930576e-01 7.92542783e-02 8.75339976e-03\n",
      "  1.42173806e-03 7.19447916e-03 7.68131755e-03 4.07211441e-02\n",
      "  1.04366279e-01 0.00000000e+00 1.12629304e-01 2.21644210e-02\n",
      "  3.82140018e-02 3.34340269e-01 2.19442079e-02 1.70055034e+00\n",
      "  5.66263264e-03 3.82395303e-02]\n",
      " [1.73318595e+00 4.73379874e-01 7.34129121e-02 2.07879006e-01\n",
      "  1.63324379e+00 1.46218558e+00 1.28101934e+00 2.22261060e-02\n",
      "  2.22719886e+00 4.59408341e-02 2.40807074e-01 2.45614044e+00\n",
      "  1.64383758e-02 8.82712348e-02 4.44700444e-02 3.19384175e-02\n",
      "  1.83639607e-01 1.12629304e-01 0.00000000e+00 6.01662592e-01\n",
      "  1.89781588e-01 7.38526587e-03 3.36069001e-01 3.43794820e-01\n",
      "  1.03778243e+00 2.78195355e-01]\n",
      " [3.67206703e+00 2.05475394e+00 6.04749953e+00 6.60358439e-01\n",
      "  2.68468525e+00 1.39968001e+00 4.82170669e-01 3.53221279e-02\n",
      "  7.77486920e-01 2.90588920e-01 3.79493389e+00 3.44080065e+00\n",
      "  3.26350124e-02 4.33837632e-01 7.65508064e-01 1.99745815e+00\n",
      "  8.17996647e+00 2.21644210e-02 6.01662592e-01 0.00000000e+00\n",
      "  9.76484646e-01 3.16776526e-01 1.54872415e-01 1.00707964e+00\n",
      "  1.17794215e+00 1.11398509e+00]\n",
      " [6.48376088e+00 1.68544840e+00 8.39027353e+00 7.16472143e-01\n",
      "  2.03172738e+00 1.24232362e+00 2.62142056e-01 1.57271474e-02\n",
      "  9.53449897e-01 6.18075999e+00 2.49942392e+00 2.83462934e+00\n",
      "  1.03214182e-01 1.79802443e-01 9.19817079e-01 5.79877537e-01\n",
      "  9.43840298e+00 3.82140018e-02 1.89781588e-01 9.76484646e-01\n",
      "  0.00000000e+00 1.63062317e+00 1.87166121e-01 1.47456817e+00\n",
      "  1.25439738e+00 1.18841044e+00]\n",
      " [3.46995471e-01 2.93315040e-01 1.04517964e+01 4.22475879e-02\n",
      "  8.73003229e-02 2.74980228e-01 1.55878578e-01 4.68949118e-03\n",
      "  8.64330871e-02 6.33394863e-01 5.00347730e-01 5.49026647e-01\n",
      "  2.21245982e-02 4.29870529e-02 6.95490079e-01 4.02497950e-02\n",
      "  8.41295289e-01 3.34340269e-01 7.38526587e-03 3.16776526e-01\n",
      "  1.63062317e+00 0.00000000e+00 4.21537243e-03 8.60138031e-02\n",
      "  1.59819222e-01 4.89032787e-02]\n",
      " [6.12253403e-01 6.07156605e-01 1.84202558e-01 1.37554402e+00\n",
      "  1.70078526e+00 8.85250038e-01 2.71818947e+00 1.76780831e-01\n",
      "  4.82443626e-01 3.19748694e-02 3.55831097e-01 1.23385229e+00\n",
      "  1.91373926e-02 9.83687995e-02 1.59076545e-02 1.31502882e+00\n",
      "  3.89426791e-01 2.19442079e-02 3.36069001e-01 1.54872415e-01\n",
      "  1.87166121e-01 4.21537243e-03 0.00000000e+00 1.98343564e-01\n",
      "  1.19685904e+00 3.68591501e-01]\n",
      " [4.44560738e+00 1.85981436e+00 1.92068494e-01 6.67551945e-01\n",
      "  5.10205104e+00 2.49315519e+00 3.82774143e+00 2.25516294e-01\n",
      "  7.81074977e-01 3.15396203e-01 2.56655540e+00 1.77442890e+00\n",
      "  2.57792276e-03 7.73105301e-02 8.25232524e-03 1.03626242e+00\n",
      "  5.02070142e-01 1.70055034e+00 3.43794820e-01 1.00707964e+00\n",
      "  1.47456817e+00 8.60138031e-02 1.98343564e-01 0.00000000e+00\n",
      "  1.22327932e+00 1.80578179e+00]\n",
      " [9.02526147e+00 4.68620757e+00 2.90761196e+00 8.21577713e+00\n",
      "  9.77817796e+00 7.20416097e+00 1.73628197e+00 1.76255308e-01\n",
      "  3.20637367e+00 1.71791731e-01 8.66483353e+00 7.87678787e+00\n",
      "  1.51236403e-01 4.88699170e-01 9.50713516e-01 7.19462315e-01\n",
      "  3.62710141e+00 5.66263264e-03 1.03778243e+00 1.17794215e+00\n",
      "  1.25439738e+00 1.59819222e-01 1.19685904e+00 1.22327932e+00\n",
      "  0.00000000e+00 1.19591884e+01]\n",
      " [2.26391042e+01 1.73843307e+01 5.51730301e+00 5.96825592e+00\n",
      "  3.04239197e+01 1.60217080e+01 3.41119497e+00 1.13749064e-01\n",
      "  6.25197250e+00 6.57727773e-01 2.02271624e+01 8.95720154e+00\n",
      "  3.50805323e-01 2.59048866e-01 1.58445664e-01 3.09085440e-01\n",
      "  1.12745518e+01 3.82395303e-02 2.78195355e-01 1.11398509e+00\n",
      "  1.18841044e+00 4.89032787e-02 3.68591501e-01 1.80578179e+00\n",
      "  1.19591884e+01 0.00000000e+00]]\n"
     ]
    }
   ],
   "source": [
    "# Sum adjacency over time for all subjects\n",
    "Sim303 = np.sum(Graphs303Sim/np.max(Graphs303Sim),axis=2)\n",
    "Spar303 = np.sum(Graphs303Spar/np.max(Graphs303Spar),axis=2)\n",
    "Pear303 = np.sum(Graphs303Pear/np.max(Graphs303Pear),axis=2)\n",
    "Smooth303 = np.sum(Graphs303Smooth/np.max(Graphs303Smooth),axis=2)\n",
    "\n",
    "Sim375 = np.sum(Graphs375Sim/np.max(Graphs375Sim),axis=2)\n",
    "Spar375 = np.sum(Graphs375Spar/np.max(Graphs375Spar),axis=2)\n",
    "Pear375 = np.sum(Graphs375Pear/np.max(Graphs375Pear),axis=2)\n",
    "Smooth375 = np.sum(Graphs375Smooth/np.max(Graphs375Smooth),axis=2)\n",
    "\n",
    "Sim378 = np.sum(Graphs378Sim/np.max(Graphs378Sim),axis=2)\n",
    "Spar378 = np.sum(Graphs378Spar/np.max(Graphs378Spar),axis=2)\n",
    "Pear378 = np.sum(Graphs378Pear/np.max(Graphs378Pear),axis=2)\n",
    "Smooth378 = np.sum(Graphs378Smooth/np.max(Graphs378Smooth),axis=2)\n",
    "\n",
    "Sim797 = np.sum(Graphs797Sim/np.max(Graphs797Sim),axis=2)\n",
    "Spar797 = np.sum(Graphs797Spar/np.max(Graphs797Spar),axis=2)\n",
    "Pear797 = np.sum(Graphs797Pear/np.max(Graphs797Pear),axis=2)\n",
    "Smooth797 = np.sum(Graphs797Smooth/np.max(Graphs797Smooth),axis=2)\n",
    "\n",
    "Sim820 = np.sum(Graphs820Sim/np.max(Graphs820Sim),axis=2)\n",
    "Spar820 = np.sum(Graphs820Spar/np.max(Graphs820Spar),axis=2)\n",
    "Pear820 = np.sum(Graphs820Pear/np.max(Graphs820Pear),axis=2)\n",
    "Smooth820 = np.sum(Graphs820Smooth/np.max(Graphs820Smooth),axis=2)"
   ]
  },
  {
   "cell_type": "code",
   "execution_count": 5,
   "id": "edabe725-a913-4e26-9be6-dd99e5554938",
   "metadata": {},
   "outputs": [
    {
     "name": "stdout",
     "output_type": "stream",
     "text": [
      "[[0.00000000e+00 3.77720800e+01 3.70869044e+00 6.70894588e+00\n",
      "  1.18856267e+02 4.66897898e+01 5.32366891e+00 3.25172564e-01\n",
      "  9.24699626e+00 1.25087413e+00 3.51216630e+01 3.07925796e+01\n",
      "  1.55747532e-01 1.34093665e+00 7.46301028e-01 2.65499057e+00\n",
      "  1.93751526e+01 8.50221264e-02 1.73318595e+00 3.67206703e+00\n",
      "  6.48376088e+00 3.46995471e-01 6.12253403e-01 4.44560738e+00\n",
      "  9.02526147e+00 2.26391042e+01]\n",
      " [3.77720800e+01 0.00000000e+00 3.85389877e+00 6.18685432e+00\n",
      "  4.59736982e+01 2.66688310e+01 3.79610998e+00 9.29763696e-02\n",
      "  4.53654009e+00 1.79190092e+00 2.99917741e+01 1.32479150e+01\n",
      "  1.38873035e-01 3.65498742e-01 6.37781718e-01 1.71863039e+00\n",
      "  2.07192821e+01 7.81297740e-01 4.73379874e-01 2.05475394e+00\n",
      "  1.68544840e+00 2.93315040e-01 6.07156605e-01 1.85981436e+00\n",
      "  4.68620757e+00 1.73843307e+01]\n",
      " [3.70869044e+00 3.85389877e+00 0.00000000e+00 2.75548615e+00\n",
      "  4.27055614e+00 3.54176211e+00 1.35954626e+00 1.99379371e-01\n",
      "  5.17267260e-01 6.40928904e-01 5.90339010e+00 4.48504802e+00\n",
      "  4.04229263e-01 1.66728912e-01 1.26890940e+00 3.56422150e-01\n",
      "  1.20319880e+01 8.54523542e-02 7.34129121e-02 6.04749953e+00\n",
      "  8.39027353e+00 1.04517964e+01 1.84202558e-01 1.92068494e-01\n",
      "  2.90761196e+00 5.51730301e+00]\n",
      " [6.70894588e+00 6.18685432e+00 2.75548615e+00 0.00000000e+00\n",
      "  2.63916434e+01 1.85118143e+01 6.54701152e+00 7.41058827e-02\n",
      "  1.55781753e+00 1.41871423e-01 8.08817703e+00 3.54317975e+00\n",
      "  7.84402204e-02 2.30783612e-01 3.68314927e-01 5.24375502e-01\n",
      "  2.65679578e+00 5.75496997e-02 2.07879006e-01 6.60358439e-01\n",
      "  7.16472143e-01 4.22475879e-02 1.37554402e+00 6.67551945e-01\n",
      "  8.21577713e+00 5.96825592e+00]\n",
      " [1.18856267e+02 4.59736982e+01 4.27055614e+00 2.63916434e+01\n",
      "  0.00000000e+00 1.05649005e+02 8.69819712e+00 2.20589585e-01\n",
      "  1.53434101e+01 2.42954462e+00 2.96479038e+01 1.21442006e+01\n",
      "  1.39393836e-01 1.08403986e+00 4.15964333e-01 1.60649333e+00\n",
      "  2.22614844e+01 7.65109613e-02 1.63324379e+00 2.68468525e+00\n",
      "  2.03172738e+00 8.73003229e-02 1.70078526e+00 5.10205104e+00\n",
      "  9.77817796e+00 3.04239197e+01]\n",
      " [4.66897898e+01 2.66688310e+01 3.54176211e+00 1.85118143e+01\n",
      "  1.05649005e+02 0.00000000e+00 4.29279229e+00 2.48418767e-01\n",
      "  7.45965907e+00 9.43786490e-01 3.29946431e+01 1.51987677e+01\n",
      "  1.23860628e-01 4.07293826e-01 5.56742011e-01 9.66073435e-01\n",
      "  8.52372440e+00 6.75933046e-02 1.46218558e+00 1.39968001e+00\n",
      "  1.24232362e+00 2.74980228e-01 8.85250038e-01 2.49315519e+00\n",
      "  7.20416097e+00 1.60217080e+01]\n",
      " [5.32366891e+00 3.79610998e+00 1.35954626e+00 6.54701152e+00\n",
      "  8.69819712e+00 4.29279229e+00 0.00000000e+00 1.35567049e+00\n",
      "  9.76653910e+00 9.42954274e-01 4.44051652e+00 3.07391858e+00\n",
      "  2.44122375e-02 2.04638976e-01 9.96833556e-01 6.40394241e-01\n",
      "  4.08501563e+00 4.39979951e-01 1.28101934e+00 4.82170669e-01\n",
      "  2.62142056e-01 1.55878578e-01 2.71818947e+00 3.82774143e+00\n",
      "  1.73628197e+00 3.41119497e+00]\n",
      " [3.25172564e-01 9.29763696e-02 1.99379371e-01 7.41058827e-02\n",
      "  2.20589585e-01 2.48418767e-01 1.35567049e+00 0.00000000e+00\n",
      "  1.69089869e+00 8.28619584e-02 1.00299136e-01 8.88185177e-02\n",
      "  1.75823589e-02 1.67336730e-02 1.25238253e-03 2.25829293e-01\n",
      "  5.34148780e-02 7.17504515e-02 2.22261060e-02 3.53221279e-02\n",
      "  1.57271474e-02 4.68949118e-03 1.76780831e-01 2.25516294e-01\n",
      "  1.76255308e-01 1.13749064e-01]\n",
      " [9.24699626e+00 4.53654009e+00 5.17267260e-01 1.55781753e+00\n",
      "  1.53434101e+01 7.45965907e+00 9.76653910e+00 1.69089869e+00\n",
      "  0.00000000e+00 2.65986469e-01 2.98750796e+00 2.78600466e+00\n",
      "  2.28150802e-01 8.41406535e-01 7.56388734e-01 3.91065355e-01\n",
      "  4.66699463e+00 6.01719668e-02 2.22719886e+00 7.77486920e-01\n",
      "  9.53449897e-01 8.64330871e-02 4.82443626e-01 7.81074977e-01\n",
      "  3.20637367e+00 6.25197250e+00]\n",
      " [1.25087413e+00 1.79190092e+00 6.40928904e-01 1.41871423e-01\n",
      "  2.42954462e+00 9.43786490e-01 9.42954274e-01 8.28619584e-02\n",
      "  2.65986469e-01 0.00000000e+00 1.02414607e+00 5.08610635e-01\n",
      "  3.77029477e-03 5.12832856e-02 5.31936051e-01 1.03182031e+00\n",
      "  1.04175369e+00 4.68930576e-01 4.59408341e-02 2.90588920e-01\n",
      "  6.18075999e+00 6.33394863e-01 3.19748694e-02 3.15396203e-01\n",
      "  1.71791731e-01 6.57727773e-01]\n",
      " [3.51216630e+01 2.99917741e+01 5.90339010e+00 8.08817703e+00\n",
      "  2.96479038e+01 3.29946431e+01 4.44051652e+00 1.00299136e-01\n",
      "  2.98750796e+00 1.02414607e+00 0.00000000e+00 2.15384434e+01\n",
      "  5.68980253e-02 1.71321320e+00 1.26888186e+00 2.58132931e+00\n",
      "  2.59129317e+01 7.92542783e-02 2.40807074e-01 3.79493389e+00\n",
      "  2.49942392e+00 5.00347730e-01 3.55831097e-01 2.56655540e+00\n",
      "  8.66483353e+00 2.02271624e+01]\n",
      " [3.07925796e+01 1.32479150e+01 4.48504802e+00 3.54317975e+00\n",
      "  1.21442006e+01 1.51987677e+01 3.07391858e+00 8.88185177e-02\n",
      "  2.78600466e+00 5.08610635e-01 2.15384434e+01 0.00000000e+00\n",
      "  1.70026019e-01 1.99015413e+00 7.71548585e-01 1.55803847e+00\n",
      "  2.56583017e+01 8.75339976e-03 2.45614044e+00 3.44080065e+00\n",
      "  2.83462934e+00 5.49026647e-01 1.23385229e+00 1.77442890e+00\n",
      "  7.87678787e+00 8.95720154e+00]\n",
      " [1.55747532e-01 1.38873035e-01 4.04229263e-01 7.84402204e-02\n",
      "  1.39393836e-01 1.23860628e-01 2.44122375e-02 1.75823589e-02\n",
      "  2.28150802e-01 3.77029477e-03 5.68980253e-02 1.70026019e-01\n",
      "  0.00000000e+00 4.84863819e-02 4.09411860e-02 4.60627505e-02\n",
      "  6.79137217e-01 1.42173806e-03 1.64383758e-02 3.26350124e-02\n",
      "  1.03214182e-01 2.21245982e-02 1.91373926e-02 2.57792276e-03\n",
      "  1.51236403e-01 3.50805323e-01]\n",
      " [1.34093665e+00 3.65498742e-01 1.66728912e-01 2.30783612e-01\n",
      "  1.08403986e+00 4.07293826e-01 2.04638976e-01 1.67336730e-02\n",
      "  8.41406535e-01 5.12832856e-02 1.71321320e+00 1.99015413e+00\n",
      "  4.84863819e-02 0.00000000e+00 4.99538202e-02 7.15296130e-01\n",
      "  2.07445354e+00 7.19447916e-03 8.82712348e-02 4.33837632e-01\n",
      "  1.79802443e-01 4.29870529e-02 9.83687995e-02 7.73105301e-02\n",
      "  4.88699170e-01 2.59048866e-01]\n",
      " [7.46301028e-01 6.37781718e-01 1.26890940e+00 3.68314927e-01\n",
      "  4.15964333e-01 5.56742011e-01 9.96833556e-01 1.25238253e-03\n",
      "  7.56388734e-01 5.31936051e-01 1.26888186e+00 7.71548585e-01\n",
      "  4.09411860e-02 4.99538202e-02 0.00000000e+00 1.29247374e-01\n",
      "  2.49832292e+00 7.68131755e-03 4.44700444e-02 7.65508064e-01\n",
      "  9.19817079e-01 6.95490079e-01 1.59076545e-02 8.25232524e-03\n",
      "  9.50713516e-01 1.58445664e-01]\n",
      " [2.65499057e+00 1.71863039e+00 3.56422150e-01 5.24375502e-01\n",
      "  1.60649333e+00 9.66073435e-01 6.40394241e-01 2.25829293e-01\n",
      "  3.91065355e-01 1.03182031e+00 2.58132931e+00 1.55803847e+00\n",
      "  4.60627505e-02 7.15296130e-01 1.29247374e-01 0.00000000e+00\n",
      "  7.70796984e-01 4.07211441e-02 3.19384175e-02 1.99745815e+00\n",
      "  5.79877537e-01 4.02497950e-02 1.31502882e+00 1.03626242e+00\n",
      "  7.19462315e-01 3.09085440e-01]\n",
      " [1.93751526e+01 2.07192821e+01 1.20319880e+01 2.65679578e+00\n",
      "  2.22614844e+01 8.52372440e+00 4.08501563e+00 5.34148780e-02\n",
      "  4.66699463e+00 1.04175369e+00 2.59129317e+01 2.56583017e+01\n",
      "  6.79137217e-01 2.07445354e+00 2.49832292e+00 7.70796984e-01\n",
      "  0.00000000e+00 1.04366279e-01 1.83639607e-01 8.17996647e+00\n",
      "  9.43840298e+00 8.41295289e-01 3.89426791e-01 5.02070142e-01\n",
      "  3.62710141e+00 1.12745518e+01]\n",
      " [8.50221264e-02 7.81297740e-01 8.54523542e-02 5.75496997e-02\n",
      "  7.65109613e-02 6.75933046e-02 4.39979951e-01 7.17504515e-02\n",
      "  6.01719668e-02 4.68930576e-01 7.92542783e-02 8.75339976e-03\n",
      "  1.42173806e-03 7.19447916e-03 7.68131755e-03 4.07211441e-02\n",
      "  1.04366279e-01 0.00000000e+00 1.12629304e-01 2.21644210e-02\n",
      "  3.82140018e-02 3.34340269e-01 2.19442079e-02 1.70055034e+00\n",
      "  5.66263264e-03 3.82395303e-02]\n",
      " [1.73318595e+00 4.73379874e-01 7.34129121e-02 2.07879006e-01\n",
      "  1.63324379e+00 1.46218558e+00 1.28101934e+00 2.22261060e-02\n",
      "  2.22719886e+00 4.59408341e-02 2.40807074e-01 2.45614044e+00\n",
      "  1.64383758e-02 8.82712348e-02 4.44700444e-02 3.19384175e-02\n",
      "  1.83639607e-01 1.12629304e-01 0.00000000e+00 6.01662592e-01\n",
      "  1.89781588e-01 7.38526587e-03 3.36069001e-01 3.43794820e-01\n",
      "  1.03778243e+00 2.78195355e-01]\n",
      " [3.67206703e+00 2.05475394e+00 6.04749953e+00 6.60358439e-01\n",
      "  2.68468525e+00 1.39968001e+00 4.82170669e-01 3.53221279e-02\n",
      "  7.77486920e-01 2.90588920e-01 3.79493389e+00 3.44080065e+00\n",
      "  3.26350124e-02 4.33837632e-01 7.65508064e-01 1.99745815e+00\n",
      "  8.17996647e+00 2.21644210e-02 6.01662592e-01 0.00000000e+00\n",
      "  9.76484646e-01 3.16776526e-01 1.54872415e-01 1.00707964e+00\n",
      "  1.17794215e+00 1.11398509e+00]\n",
      " [6.48376088e+00 1.68544840e+00 8.39027353e+00 7.16472143e-01\n",
      "  2.03172738e+00 1.24232362e+00 2.62142056e-01 1.57271474e-02\n",
      "  9.53449897e-01 6.18075999e+00 2.49942392e+00 2.83462934e+00\n",
      "  1.03214182e-01 1.79802443e-01 9.19817079e-01 5.79877537e-01\n",
      "  9.43840298e+00 3.82140018e-02 1.89781588e-01 9.76484646e-01\n",
      "  0.00000000e+00 1.63062317e+00 1.87166121e-01 1.47456817e+00\n",
      "  1.25439738e+00 1.18841044e+00]\n",
      " [3.46995471e-01 2.93315040e-01 1.04517964e+01 4.22475879e-02\n",
      "  8.73003229e-02 2.74980228e-01 1.55878578e-01 4.68949118e-03\n",
      "  8.64330871e-02 6.33394863e-01 5.00347730e-01 5.49026647e-01\n",
      "  2.21245982e-02 4.29870529e-02 6.95490079e-01 4.02497950e-02\n",
      "  8.41295289e-01 3.34340269e-01 7.38526587e-03 3.16776526e-01\n",
      "  1.63062317e+00 0.00000000e+00 4.21537243e-03 8.60138031e-02\n",
      "  1.59819222e-01 4.89032787e-02]\n",
      " [6.12253403e-01 6.07156605e-01 1.84202558e-01 1.37554402e+00\n",
      "  1.70078526e+00 8.85250038e-01 2.71818947e+00 1.76780831e-01\n",
      "  4.82443626e-01 3.19748694e-02 3.55831097e-01 1.23385229e+00\n",
      "  1.91373926e-02 9.83687995e-02 1.59076545e-02 1.31502882e+00\n",
      "  3.89426791e-01 2.19442079e-02 3.36069001e-01 1.54872415e-01\n",
      "  1.87166121e-01 4.21537243e-03 0.00000000e+00 1.98343564e-01\n",
      "  1.19685904e+00 3.68591501e-01]\n",
      " [4.44560738e+00 1.85981436e+00 1.92068494e-01 6.67551945e-01\n",
      "  5.10205104e+00 2.49315519e+00 3.82774143e+00 2.25516294e-01\n",
      "  7.81074977e-01 3.15396203e-01 2.56655540e+00 1.77442890e+00\n",
      "  2.57792276e-03 7.73105301e-02 8.25232524e-03 1.03626242e+00\n",
      "  5.02070142e-01 1.70055034e+00 3.43794820e-01 1.00707964e+00\n",
      "  1.47456817e+00 8.60138031e-02 1.98343564e-01 0.00000000e+00\n",
      "  1.22327932e+00 1.80578179e+00]\n",
      " [9.02526147e+00 4.68620757e+00 2.90761196e+00 8.21577713e+00\n",
      "  9.77817796e+00 7.20416097e+00 1.73628197e+00 1.76255308e-01\n",
      "  3.20637367e+00 1.71791731e-01 8.66483353e+00 7.87678787e+00\n",
      "  1.51236403e-01 4.88699170e-01 9.50713516e-01 7.19462315e-01\n",
      "  3.62710141e+00 5.66263264e-03 1.03778243e+00 1.17794215e+00\n",
      "  1.25439738e+00 1.59819222e-01 1.19685904e+00 1.22327932e+00\n",
      "  0.00000000e+00 1.19591884e+01]\n",
      " [2.26391042e+01 1.73843307e+01 5.51730301e+00 5.96825592e+00\n",
      "  3.04239197e+01 1.60217080e+01 3.41119497e+00 1.13749064e-01\n",
      "  6.25197250e+00 6.57727773e-01 2.02271624e+01 8.95720154e+00\n",
      "  3.50805323e-01 2.59048866e-01 1.58445664e-01 3.09085440e-01\n",
      "  1.12745518e+01 3.82395303e-02 2.78195355e-01 1.11398509e+00\n",
      "  1.18841044e+00 4.89032787e-02 3.68591501e-01 1.80578179e+00\n",
      "  1.19591884e+01 0.00000000e+00]]\n"
     ]
    }
   ],
   "source": [
    "N = Sim303.shape[0]"
   ]
  },
  {
   "cell_type": "code",
   "execution_count": 6,
   "id": "d7d067ad-a4d5-4b1e-b591-26c4ed22b326",
   "metadata": {},
   "outputs": [],
   "source": [
    "def thres(A1,k,Num):\n",
    "    A = A1\n",
    "    A = np.real(A)\n",
    "    print(A)\n",
    "    N = A.shape[0]\n",
    "    \n",
    "    P = A[np.triu_indices(N, k=1)]\n",
    "    S = np.sort(np.ravel(P))[::-1] # symmetric, upper triangle\n",
    "    val = S[k]\n",
    "    K = k-1\n",
    "    \n",
    "    while(val==0 and K>0):\n",
    "        val = S[K]\n",
    "        K = K-1\n",
    "    \n",
    "    W = A\n",
    "    W[A>=val] = 1\n",
    "    W[A<val] = 0\n",
    "\n",
    "    top = A\n",
    "    val1 = S[Num]\n",
    "    W[A>=val1] = 10\n",
    "    \n",
    "    return W"
   ]
  },
  {
   "cell_type": "code",
   "execution_count": 7,
   "id": "8995b8e3-4db1-4cbc-9abd-ea3cc9af6f6d",
   "metadata": {},
   "outputs": [
    {
     "name": "stdout",
     "output_type": "stream",
     "text": [
      "[[0.00000000e+00 3.77720800e+01 3.70869044e+00 6.70894588e+00\n",
      "  1.18856267e+02 4.66897898e+01 5.32366891e+00 3.25172564e-01\n",
      "  9.24699626e+00 1.25087413e+00 3.51216630e+01 3.07925796e+01\n",
      "  1.55747532e-01 1.34093665e+00 7.46301028e-01 2.65499057e+00\n",
      "  1.93751526e+01 8.50221264e-02 1.73318595e+00 3.67206703e+00\n",
      "  6.48376088e+00 3.46995471e-01 6.12253403e-01 4.44560738e+00\n",
      "  9.02526147e+00 2.26391042e+01]\n",
      " [3.77720800e+01 0.00000000e+00 3.85389877e+00 6.18685432e+00\n",
      "  4.59736982e+01 2.66688310e+01 3.79610998e+00 9.29763696e-02\n",
      "  4.53654009e+00 1.79190092e+00 2.99917741e+01 1.32479150e+01\n",
      "  1.38873035e-01 3.65498742e-01 6.37781718e-01 1.71863039e+00\n",
      "  2.07192821e+01 7.81297740e-01 4.73379874e-01 2.05475394e+00\n",
      "  1.68544840e+00 2.93315040e-01 6.07156605e-01 1.85981436e+00\n",
      "  4.68620757e+00 1.73843307e+01]\n",
      " [3.70869044e+00 3.85389877e+00 0.00000000e+00 2.75548615e+00\n",
      "  4.27055614e+00 3.54176211e+00 1.35954626e+00 1.99379371e-01\n",
      "  5.17267260e-01 6.40928904e-01 5.90339010e+00 4.48504802e+00\n",
      "  4.04229263e-01 1.66728912e-01 1.26890940e+00 3.56422150e-01\n",
      "  1.20319880e+01 8.54523542e-02 7.34129121e-02 6.04749953e+00\n",
      "  8.39027353e+00 1.04517964e+01 1.84202558e-01 1.92068494e-01\n",
      "  2.90761196e+00 5.51730301e+00]\n",
      " [6.70894588e+00 6.18685432e+00 2.75548615e+00 0.00000000e+00\n",
      "  2.63916434e+01 1.85118143e+01 6.54701152e+00 7.41058827e-02\n",
      "  1.55781753e+00 1.41871423e-01 8.08817703e+00 3.54317975e+00\n",
      "  7.84402204e-02 2.30783612e-01 3.68314927e-01 5.24375502e-01\n",
      "  2.65679578e+00 5.75496997e-02 2.07879006e-01 6.60358439e-01\n",
      "  7.16472143e-01 4.22475879e-02 1.37554402e+00 6.67551945e-01\n",
      "  8.21577713e+00 5.96825592e+00]\n",
      " [1.18856267e+02 4.59736982e+01 4.27055614e+00 2.63916434e+01\n",
      "  0.00000000e+00 1.05649005e+02 8.69819712e+00 2.20589585e-01\n",
      "  1.53434101e+01 2.42954462e+00 2.96479038e+01 1.21442006e+01\n",
      "  1.39393836e-01 1.08403986e+00 4.15964333e-01 1.60649333e+00\n",
      "  2.22614844e+01 7.65109613e-02 1.63324379e+00 2.68468525e+00\n",
      "  2.03172738e+00 8.73003229e-02 1.70078526e+00 5.10205104e+00\n",
      "  9.77817796e+00 3.04239197e+01]\n",
      " [4.66897898e+01 2.66688310e+01 3.54176211e+00 1.85118143e+01\n",
      "  1.05649005e+02 0.00000000e+00 4.29279229e+00 2.48418767e-01\n",
      "  7.45965907e+00 9.43786490e-01 3.29946431e+01 1.51987677e+01\n",
      "  1.23860628e-01 4.07293826e-01 5.56742011e-01 9.66073435e-01\n",
      "  8.52372440e+00 6.75933046e-02 1.46218558e+00 1.39968001e+00\n",
      "  1.24232362e+00 2.74980228e-01 8.85250038e-01 2.49315519e+00\n",
      "  7.20416097e+00 1.60217080e+01]\n",
      " [5.32366891e+00 3.79610998e+00 1.35954626e+00 6.54701152e+00\n",
      "  8.69819712e+00 4.29279229e+00 0.00000000e+00 1.35567049e+00\n",
      "  9.76653910e+00 9.42954274e-01 4.44051652e+00 3.07391858e+00\n",
      "  2.44122375e-02 2.04638976e-01 9.96833556e-01 6.40394241e-01\n",
      "  4.08501563e+00 4.39979951e-01 1.28101934e+00 4.82170669e-01\n",
      "  2.62142056e-01 1.55878578e-01 2.71818947e+00 3.82774143e+00\n",
      "  1.73628197e+00 3.41119497e+00]\n",
      " [3.25172564e-01 9.29763696e-02 1.99379371e-01 7.41058827e-02\n",
      "  2.20589585e-01 2.48418767e-01 1.35567049e+00 0.00000000e+00\n",
      "  1.69089869e+00 8.28619584e-02 1.00299136e-01 8.88185177e-02\n",
      "  1.75823589e-02 1.67336730e-02 1.25238253e-03 2.25829293e-01\n",
      "  5.34148780e-02 7.17504515e-02 2.22261060e-02 3.53221279e-02\n",
      "  1.57271474e-02 4.68949118e-03 1.76780831e-01 2.25516294e-01\n",
      "  1.76255308e-01 1.13749064e-01]\n",
      " [9.24699626e+00 4.53654009e+00 5.17267260e-01 1.55781753e+00\n",
      "  1.53434101e+01 7.45965907e+00 9.76653910e+00 1.69089869e+00\n",
      "  0.00000000e+00 2.65986469e-01 2.98750796e+00 2.78600466e+00\n",
      "  2.28150802e-01 8.41406535e-01 7.56388734e-01 3.91065355e-01\n",
      "  4.66699463e+00 6.01719668e-02 2.22719886e+00 7.77486920e-01\n",
      "  9.53449897e-01 8.64330871e-02 4.82443626e-01 7.81074977e-01\n",
      "  3.20637367e+00 6.25197250e+00]\n",
      " [1.25087413e+00 1.79190092e+00 6.40928904e-01 1.41871423e-01\n",
      "  2.42954462e+00 9.43786490e-01 9.42954274e-01 8.28619584e-02\n",
      "  2.65986469e-01 0.00000000e+00 1.02414607e+00 5.08610635e-01\n",
      "  3.77029477e-03 5.12832856e-02 5.31936051e-01 1.03182031e+00\n",
      "  1.04175369e+00 4.68930576e-01 4.59408341e-02 2.90588920e-01\n",
      "  6.18075999e+00 6.33394863e-01 3.19748694e-02 3.15396203e-01\n",
      "  1.71791731e-01 6.57727773e-01]\n",
      " [3.51216630e+01 2.99917741e+01 5.90339010e+00 8.08817703e+00\n",
      "  2.96479038e+01 3.29946431e+01 4.44051652e+00 1.00299136e-01\n",
      "  2.98750796e+00 1.02414607e+00 0.00000000e+00 2.15384434e+01\n",
      "  5.68980253e-02 1.71321320e+00 1.26888186e+00 2.58132931e+00\n",
      "  2.59129317e+01 7.92542783e-02 2.40807074e-01 3.79493389e+00\n",
      "  2.49942392e+00 5.00347730e-01 3.55831097e-01 2.56655540e+00\n",
      "  8.66483353e+00 2.02271624e+01]\n",
      " [3.07925796e+01 1.32479150e+01 4.48504802e+00 3.54317975e+00\n",
      "  1.21442006e+01 1.51987677e+01 3.07391858e+00 8.88185177e-02\n",
      "  2.78600466e+00 5.08610635e-01 2.15384434e+01 0.00000000e+00\n",
      "  1.70026019e-01 1.99015413e+00 7.71548585e-01 1.55803847e+00\n",
      "  2.56583017e+01 8.75339976e-03 2.45614044e+00 3.44080065e+00\n",
      "  2.83462934e+00 5.49026647e-01 1.23385229e+00 1.77442890e+00\n",
      "  7.87678787e+00 8.95720154e+00]\n",
      " [1.55747532e-01 1.38873035e-01 4.04229263e-01 7.84402204e-02\n",
      "  1.39393836e-01 1.23860628e-01 2.44122375e-02 1.75823589e-02\n",
      "  2.28150802e-01 3.77029477e-03 5.68980253e-02 1.70026019e-01\n",
      "  0.00000000e+00 4.84863819e-02 4.09411860e-02 4.60627505e-02\n",
      "  6.79137217e-01 1.42173806e-03 1.64383758e-02 3.26350124e-02\n",
      "  1.03214182e-01 2.21245982e-02 1.91373926e-02 2.57792276e-03\n",
      "  1.51236403e-01 3.50805323e-01]\n",
      " [1.34093665e+00 3.65498742e-01 1.66728912e-01 2.30783612e-01\n",
      "  1.08403986e+00 4.07293826e-01 2.04638976e-01 1.67336730e-02\n",
      "  8.41406535e-01 5.12832856e-02 1.71321320e+00 1.99015413e+00\n",
      "  4.84863819e-02 0.00000000e+00 4.99538202e-02 7.15296130e-01\n",
      "  2.07445354e+00 7.19447916e-03 8.82712348e-02 4.33837632e-01\n",
      "  1.79802443e-01 4.29870529e-02 9.83687995e-02 7.73105301e-02\n",
      "  4.88699170e-01 2.59048866e-01]\n",
      " [7.46301028e-01 6.37781718e-01 1.26890940e+00 3.68314927e-01\n",
      "  4.15964333e-01 5.56742011e-01 9.96833556e-01 1.25238253e-03\n",
      "  7.56388734e-01 5.31936051e-01 1.26888186e+00 7.71548585e-01\n",
      "  4.09411860e-02 4.99538202e-02 0.00000000e+00 1.29247374e-01\n",
      "  2.49832292e+00 7.68131755e-03 4.44700444e-02 7.65508064e-01\n",
      "  9.19817079e-01 6.95490079e-01 1.59076545e-02 8.25232524e-03\n",
      "  9.50713516e-01 1.58445664e-01]\n",
      " [2.65499057e+00 1.71863039e+00 3.56422150e-01 5.24375502e-01\n",
      "  1.60649333e+00 9.66073435e-01 6.40394241e-01 2.25829293e-01\n",
      "  3.91065355e-01 1.03182031e+00 2.58132931e+00 1.55803847e+00\n",
      "  4.60627505e-02 7.15296130e-01 1.29247374e-01 0.00000000e+00\n",
      "  7.70796984e-01 4.07211441e-02 3.19384175e-02 1.99745815e+00\n",
